--------------
constants:  0.31 0.45 1e-09 3e+15
initial d and v:  0 0.000288 1.25076605308e-11
4.56273936912e+20
5.77504497208e+19
8.34393922037e+18
5.29664122149e+18
2.32732254933e+27
7.97732215344e+27
2.04313437893e+28
4.37268219079e+28
8.28460569328e+28
1.43716215284e+29
2.33209329403e+29
3.59142297772e+29
5.30276884929e+29
7.56319721481e+29
1.04792230412e+30
1.41668099561e+30
1.87513702483e+30
2.43677648674e+30
3.11603034244e+30
3.92827441911e+30
4.88982941006e+30
6.01796087471e+30
7.33087923862e+30
8.84773979347e+30
1.0588642697e+31
1.25746329733e+31
1.48277005123e+31
1.73707800703e+31
2.02277512695e+31
2.34234385985e+31
2.69836114119e+31
3.09349839305e+31
3.53052152412e+31
4.01229092969e+31
4.5417614917e+31
5.12198257868e+31
5.75609804577e+31
6.44734623475e+31
7.19905997398e+31
8.01466657847e+31
8.89768784982e+31
9.85174007627e+31
1.08805340326e+32
1.19878749804e+32
1.31776626676e+32
1.4453891329e+32
1.58206496858e+32
1.72821209459e+32
1.8842582804e+32
2.05064074411e+32
2.2278061525e+32
2.41621062101e+32
2.61631971375e+32
2.82860844346e+32
3.05356127157e+32
3.29167210817e+32
3.54344431201e+32
3.80939069049e+32
4.09003349968e+32
4.38590444431e+32
4.69754467777e+32
5.02550480213e+32
5.37034486808e+32
5.73263437503e+32
6.11295227099e+32
6.51188695267e+32
6.93003626544e+32
7.36800750332e+32
7.82641740899e+32
8.3058921738e+32
8.80706743777e+32
9.33058828955e+32
9.87710926649e+32
1.04472943546e+33
1.10418169885e+33
1.16613600515e+33
1.23066158756e+33
1.29782862414e+33
1.36770823783e+33
1.44037249642e+33
1.51589441258e+33
1.59434794382e+33
1.67580799255e+33
1.76035040603e+33
1.84805197639e+33
1.93899044061e+33
2.03324448056e+33
2.13089372297e+33
2.23201873942e+33
2.33670104638e+33
2.44502310516e+33
2.55706832196e+33
2.67292104784e+33
2.79266657871e+33
2.91639115538e+33
3.04418196348e+33
3.17612713355e+33
3.31231574097e+33
